<?xml version="1.0"?>
<opencv_storage>
<calibration_Time>"11/21/14 09:25:04"</calibration_Time>
<nrOfFrames>25</nrOfFrames>
<image_Width>2456</image_Width>
<image_Height>2058</image_Height>
<board_Width>9</board_Width>
<board_Height>6</board_Height>
<square_Size>36.</square_Size>
<!-- flags:  +fix_principal_point +zero_tangent_dist -->
<flagValue>12</flagValue>
<Camera_Matrix type_id="opencv-matrix">
  <rows>3</rows>
  <cols>3</cols>
  <dt>d</dt>
  <data>
    6.2436604898669327e+002 0. 1.2275000000000000e+003 0.
    6.3177646247614143e+002 1.0285000000000000e+003 0. 0. 1.</data></Camera_Matrix>
<Distortion_Coefficients type_id="opencv-matrix">
  <rows>5</rows>
  <cols>1</cols>
  <dt>d</dt>
  <data>
    -2.4145701041853096e-001 4.7690271560217934e-002 0. 0.
    -3.7410085965534634e-003</data></Distortion_Coefficients>
<Avg_Reprojection_Error>3.5035554124682107e+000</Avg_Reprojection_Error>
<Per_View_Reprojection_Errors type_id="opencv-matrix">
  <rows>25</rows>
  <cols>1</cols>
  <dt>f</dt>
  <data>
    2.74101585e-001 9.41560149e-001 1.16522288e+000 1.26727998e+000
    1.06531560e+000 2.32942009e+000 2.73487663e+000 4.95989799e+000
    1.27595675e+000 8.88795471e+000 3.78888488e+000 1.34030485e+000
    4.80244303e+000 9.13794458e-001 9.01673675e-001 6.40381336e+000
    3.69594884e+000 4.21415472e+000 2.94008684e+000 8.28600585e-001
    2.26409173e+000 2.30375409e+000 1.65969408e+000 5.86677456e+000
    3.66780972e+000</data></Per_View_Reprojection_Errors>
<!-- a set of 6-tuples (rotation vector + translation vector) for each view -->
<Extrinsic_Parameters type_id="opencv-matrix">
  <rows>25</rows>
  <cols>6</cols>
  <dt>d</dt>
  <data>
    -1.8560220234680266e-001 2.0543543135309680e-001
    1.4833610819333882e+000 1.1416729891039687e+002
    -2.2367567107521083e+002 1.1550254523388319e+003
    -2.9653267055435334e-001 -2.9948562096618098e-001
    1.5333187310657812e+000 -3.2381479684660997e+002
    -2.0154478641288878e+002 9.0091182971631122e+002
    -7.7605679506069813e-001 1.3981026030448221e-001
    1.3045681582527242e+000 -5.7176926442398735e+002
    -1.9145975544177190e+002 9.3543889260898061e+002
    -4.6807516689048767e-001 1.0181377330215749e-001
    9.8921043693381783e-001 3.8301982131821427e+002
    -1.8903636604462147e+002 8.7883724271032270e+002
    -1.8889186259808663e-001 4.1603515484379683e-002
    1.4233946951831672e-001 -4.3174370172675248e+002
    -1.6362088640343532e+002 6.8198021357898403e+002
    5.1248738526602855e-001 -5.2045540122570144e-001
    1.2991067468316477e+000 -1.0132442892962962e+002
    -3.7145186229174976e+002 3.6819303413500137e+002
    1.7061200682766339e-001 -4.0268360350625122e-002
    1.5702304946448598e+000 -1.0976861036335739e+001
    -1.2737922464548018e+002 3.3541656385828628e+002
    -4.9439395914615120e-001 -1.4592837267829517e-001
    1.5502207268785366e+000 -5.4259559162973915e+001
    -1.1028433282355402e+002 2.8103798434960487e+002
    -2.6191710510813049e-001 6.3345162410002404e-002
    8.9343970708351717e-001 -2.9969114238713598e+002
    -1.4122257469871039e+002 7.0637023175863010e+002
    -2.5977062310143018e-001 2.0585012409245144e-002
    1.5459323082911545e+000 -4.5968905425329197e+001
    -1.2284412006638672e+002 1.8891408821236294e+002
    -8.5046772480515131e-001 5.3906367134782263e-001
    1.3764736103451283e+000 -3.8006637220932696e+001
    -8.6229865998961230e+001 5.1861992864979015e+002
    2.1204902239728052e-001 -4.4487092054205424e-001
    1.5441967173636499e+000 -7.8453834966098171e+001
    -7.5290173879181168e+002 5.3160266364808012e+002
    3.2151211450692901e-001 -8.0061940615593130e-001
    1.1675685914604661e+000 -1.6561618420693372e+002
    -3.9614369520401175e+002 2.2475630395692636e+002
    2.4090276279584980e-001 -1.2295080409903807e-002
    1.9424622130781650e+000 3.4815382089060103e+002
    -6.5439941751667698e+002 7.3022707512904174e+002
    -6.0570722624280626e-001 -5.3960947333059950e-001
    1.5166918630782171e+000 -2.5010519923426563e+002
    -1.4575176167664401e+002 7.5892447712566491e+002
    -1.1770301359905553e+000 7.4802247312759118e-001
    1.7033276867142673e+000 -1.4722953328175146e+002
    3.1391615083039540e+001 4.5437849944375739e+002
    -6.4952990901688035e-001 1.0734172803472233e+000
    1.0658130131287964e+000 2.9850481314421113e+001
    1.1983478036556581e+002 5.4145896998579781e+002
    -4.7521542188415755e-001 -1.7926068473716708e-001
    1.4753921388714142e+000 6.9671992392296045e+002
    -3.1171355063410596e+002 1.1055603086092585e+003
    4.1910307260689800e-001 -3.5546915542003071e-001
    1.5497454241974060e+000 8.4003220717226569e+001
    -3.1237240547509538e+002 3.8096566949011265e+002
    1.1782446011155592e-001 -3.3905638741666816e-001
    1.6864347198245198e+000 4.9277443804907688e+002
    -6.6521307580357632e+002 9.9025558658806585e+002
    -6.0613794113361030e-001 1.0478548012778563e-001
    -2.9957786770311925e+000 4.3542198759579389e+002
    -1.0489934833272883e+002 4.9385533154253881e+002
    -6.8218205442760049e-001 1.3645195012790329e-001
    1.7428817787972464e+000 1.5819556414554415e+002
    -7.7039593352824616e+000 6.3506092155470208e+002
    -5.9090497171057677e-001 3.4723081953101065e-001
    9.1267971511826518e-001 2.8507711933816864e+002
    -1.8370042325332955e+002 8.5977056321638895e+002
    -8.4979871771884952e-001 9.7966278678005148e-001
    1.5110814967341200e+000 -1.2955616531206712e+002
    9.8020132133907154e+001 4.4825321127758860e+002
    -7.0045606255450188e-001 5.2401139041784650e-001
    7.2447406201140940e-001 -2.1093943299580019e+002
    -1.3172387918885772e+002 9.0951487905443435e+002</data></Extrinsic_Parameters>
