<?xml version="1.0"?>
<opencv_storage>
	<images>
		"E:/FoamCam Project/data/2013-11-02_12-01-24/000004/00004102.img"
		"E:/FoamCam Project/data/2013-11-02_12-01-24/000004/00004103.img"
		"E:/FoamCam Project/data/2013-11-02_12-01-24/000004/00004104.img"
		"E:/FoamCam Project/data/2013-11-02_12-01-24/000004/00004105.img"
		"E:/FoamCam Project/data/2013-11-02_12-01-24/000004/00004106.img"
		"E:/FoamCam Project/data/2013-11-02_12-01-24/000004/00004107.img"
		"E:/FoamCam Project/data/2013-11-02_12-01-24/000004/00004108.img"
		"E:/FoamCam Project/data/2013-11-02_12-01-24/000004/00004109.img"
		"E:/FoamCam Project/data/2013-11-02_12-01-24/000004/00004110.img"
		"E:/FoamCam Project/data/2013-11-02_12-01-24/000004/00004111.img"
		"E:/FoamCam Project/data/2013-11-02_12-01-24/000004/00004112.img"
		"E:/FoamCam Project/data/2013-11-02_12-01-24/000004/00004113.img"
		"E:/FoamCam Project/data/2013-11-02_12-01-24/000004/00004114.img"
		"E:/FoamCam Project/data/2013-11-02_12-01-24/000004/00004115.img"
		"E:/FoamCam Project/data/2013-11-02_12-01-24/000004/00004116.img"
		"E:/FoamCam Project/data/2013-11-02_12-01-24/000004/00004117.img"
		"E:/FoamCam Project/data/2013-11-02_12-01-24/000004/00004118.img"
		"E:/FoamCam Project/data/2013-11-02_12-01-24/000004/00004119.img"

	</images>
</opencv_storage>
