<?xml version="1.0"?>
<opencv_storage>
	<images>
		"E:/FoamCam Project/data/2013-11-02_12-01-24/000012/00012063.img"
		"E:/FoamCam Project/data/2013-11-02_12-01-24/000012/00012064.img"
		"E:/FoamCam Project/data/2013-11-02_12-01-24/000012/00012065.img"
		"E:/FoamCam Project/data/2013-11-02_12-01-24/000012/00012066.img"
		"E:/FoamCam Project/data/2013-11-02_12-01-24/000012/00012067.img"
		"E:/FoamCam Project/data/2013-11-02_12-01-24/000012/00012068.img"
		"E:/FoamCam Project/data/2013-11-02_12-01-24/000012/00012069.img"
		"E:/FoamCam Project/data/2013-11-02_12-01-24/000012/00012070.img"
		"E:/FoamCam Project/data/2013-11-02_12-01-24/000012/00012071.img"
		"E:/FoamCam Project/data/2013-11-02_12-01-24/000012/00012072.img"
		"E:/FoamCam Project/data/2013-11-02_12-01-24/000012/00012073.img"
		"E:/FoamCam Project/data/2013-11-02_12-01-24/000012/00012074.img"
		"E:/FoamCam Project/data/2013-11-02_12-01-24/000012/00012075.img"


	</images>
</opencv_storage>
