<?xml version="1.0"?>
<opencv_storage>
<calibration_Time>"11/21/14 11:37:05"</calibration_Time>
<nrOfFrames>25</nrOfFrames>
<image_Width>2048</image_Width>
<image_Height>2048</image_Height>
<board_Width>9</board_Width>
<board_Height>6</board_Height>
<square_Size>36.</square_Size>
<FixAspectRatio>1.</FixAspectRatio>
<!-- flags:  +fix_aspectRatio +fix_principal_point +zero_tangent_dist -->
<flagValue>14</flagValue>
<Camera_Matrix type_id="opencv-matrix">
  <rows>3</rows>
  <cols>3</cols>
  <dt>d</dt>
  <data>
    6.2252565593854877e+002 0. 1.0235000000000000e+003 0.
    6.2252565593854877e+002 1.0235000000000000e+003 0. 0. 1.</data></Camera_Matrix>
<Distortion_Coefficients type_id="opencv-matrix">
  <rows>5</rows>
  <cols>1</cols>
  <dt>d</dt>
  <data>
    -2.3963501653117075e-001 4.7030493988931957e-002 0. 0.
    -3.6537246163562609e-003</data></Distortion_Coefficients>
<Avg_Reprojection_Error>3.5431132928050468e+000</Avg_Reprojection_Error>
<Per_View_Reprojection_Errors type_id="opencv-matrix">
  <rows>25</rows>
  <cols>1</cols>
  <dt>f</dt>
  <data>
    3.13267469e-001 1.29702091e+000 1.18901491e+000 1.28795171e+000
    1.05168951e+000 2.33761597e+000 2.53203654e+000 5.28066349e+000
    1.29226315e+000 8.93141937e+000 3.88798738e+000 1.08417916e+000
    5.17804432e+000 8.25903773e-001 8.84414911e-001 6.41032410e+000
    3.67325425e+000 4.43240309e+000 2.31504178e+000 7.77818263e-001
    2.32776093e+000 2.13472605e+000 1.69590366e+000 5.97401333e+000
    3.65739679e+000</data></Per_View_Reprojection_Errors>
<!-- a set of 6-tuples (rotation vector + translation vector) for each view -->
<Extrinsic_Parameters type_id="opencv-matrix">
  <rows>25</rows>
  <cols>6</cols>
  <dt>d</dt>
  <data>
    -1.6180857939364876e-001 1.8164239258861009e-001
    1.4849266951846154e+000 1.1398851333581551e+002
    -2.2530961107377178e+002 1.1451797373832139e+003
    -4.1525514637299415e-001 -4.8496949825789581e-001
    1.5108221867868361e+000 -3.2506932606091419e+002
    -2.0184303404676203e+002 9.0049480395684725e+002
    -7.6303636355848026e-001 1.3010466332483689e-001
    1.3113485013052313e+000 -5.7083418682532226e+002
    -1.9358407148843062e+002 9.3148185396171391e+002
    -4.6263706224736056e-001 8.7976243774861670e-002
    9.8848223115716471e-001 3.8024321689290986e+002
    -1.8994051641252770e+002 8.6971779147593656e+002
    -1.7522199662658713e-001 5.5497450351322725e-002
    1.4500877841357435e-001 -4.2916919589406723e+002
    -1.6426375164976599e+002 6.7568333075059934e+002
    5.1757526828670231e-001 -4.9739066169115848e-001
    1.3051506079664457e+000 -1.0062368718309104e+002
    -3.7300919225320320e+002 3.6253627450920629e+002
    1.7727800497709031e-001 -2.3140085473108030e-002
    1.5694696864457165e+000 -1.0537958514654340e+001
    -1.2757780463421611e+002 3.3049606010669407e+002
    -4.8576400694138500e-001 -1.4329714641747071e-001
    1.5517202495859790e+000 -5.2723615780908588e+001
    -1.1032169531746301e+002 2.7730274266609064e+002
    -2.3766495553957309e-001 7.6488394357319925e-002
    8.9653454275538225e-001 -2.9670687185986918e+002
    -1.4171520807879105e+002 6.9695975081616439e+002
    -2.4819396744114974e-001 2.9114487342088657e-002
    1.5461358425102192e+000 -4.4690216080438617e+001
    -1.2296553437854627e+002 1.8544211372128572e+002
    -8.4444551266996126e-001 5.3151262035565983e-001
    1.3796966133035962e+000 -3.7790178723840725e+001
    -8.7155842664958868e+001 5.1643252916224594e+002
    2.4660074628639939e-001 -4.7201049175787507e-001
    1.5446282751463425e+000 -7.6985406822482858e+001
    -7.5550223879272539e+002 5.1836749104641797e+002
    3.2337587100810999e-001 -7.5992526551975748e-001
    1.1783815895354897e+000 -1.6575058569340078e+002
    -3.9944623491343856e+002 2.2206453214986661e+002
    2.6092613573947165e-001 -4.4477671903427878e-002
    1.9373389677476847e+000 3.4733993901163655e+002
    -6.5993781899904423e+002 7.2157050896919372e+002
    -6.2657569749213615e-001 -5.6569158758465199e-001
    1.5107970037649103e+000 -2.4829740004609383e+002
    -1.4576756499332643e+002 7.5127087231932023e+002
    -1.1774567631588204e+000 7.3773565371908334e-001
    1.7104245370953259e+000 -1.4776180336121439e+002
    3.1961942381202892e+001 4.5423735205383963e+002
    -6.4059631272126805e-001 1.0768585253920326e+000
    1.0614733599920376e+000 2.9699693520868905e+001
    1.2040810900345855e+002 5.3712558647394496e+002
    -4.7532363365750674e-001 -1.9391378540536022e-001
    1.4738332513956034e+000 6.9044231420660776e+002
    -3.1261502819822306e+002 1.0928483824265966e+003
    4.1637130084994939e-001 -3.4197083490671665e-001
    1.5525623330908711e+000 8.3963807679518723e+001
    -3.1378409201794875e+002 3.7633452594190550e+002
    1.0913026319034594e-001 -3.6342092444331625e-001
    1.6774542793995335e+000 4.8804042980947213e+002
    -6.6643525831871330e+002 9.7525672729887435e+002
    -6.0570288071324496e-001 1.5263320546393527e-001
    -3.0003947129608970e+000 4.3627059336217354e+002
    -1.0713835140189303e+002 4.9401865868038271e+002
    -6.8918115940301694e-001 1.1949981569567032e-001
    1.7441759611803012e+000 1.5723023229842639e+002
    -7.3744109651687753e+000 6.2950417295965951e+002
    -5.8059893799206885e-001 3.3803240949672081e-001
    9.1254539630389042e-001 2.8427677908391178e+002
    -1.8548619923978546e+002 8.5476410965705588e+002
    -8.4288058827998025e-001 9.7626835353562391e-001
    1.5147966645550366e+000 -1.2920030954800430e+002
    9.8956618637621503e+001 4.4611576342952628e+002
    -6.9018792439347865e-001 5.2403870316039558e-001
    7.2518693193321282e-001 -2.1052432649190825e+002
    -1.3304172807251905e+002 9.0486870782691085e+002</data></Extrinsic_Parameters>
